{
    "0": {
        "precision": 0.8245614035087719,
        "recall": 0.8545454545454545,
        "f1-score": 0.8392857142857143,
        "support": 110.0
    },
    "1": {
        "precision": 0.7538461538461538,
        "recall": 0.7101449275362319,
        "f1-score": 0.7313432835820896,
        "support": 69.0
    },
    "accuracy": 0.7988826815642458,
    "macro avg": {
        "precision": 0.7892037786774628,
        "recall": 0.7823451910408432,
        "f1-score": 0.7853144989339019,
        "support": 179.0
    },
    "weighted avg": {
        "precision": 0.7973024525215057,
        "recall": 0.7988826815642458,
        "f1-score": 0.797676620885993,
        "support": 179.0
    }
}