{
    "0": {
        "precision": 0.7790697674418605,
        "recall": 0.8072289156626506,
        "f1-score": 0.7928994082840237,
        "support": 83.0
    },
    "1": {
        "precision": 0.6666666666666666,
        "recall": 0.6274509803921569,
        "f1-score": 0.6464646464646465,
        "support": 51.0
    },
    "accuracy": 0.7388059701492538,
    "macro avg": {
        "precision": 0.7228682170542635,
        "recall": 0.7173399480274038,
        "f1-score": 0.7196820273743352,
        "support": 134.0
    },
    "weighted avg": {
        "precision": 0.7362894828184658,
        "recall": 0.7388059701492538,
        "f1-score": 0.7371667750542609,
        "support": 134.0
    }
}