{
    "0": {
        "precision": 0.8,
        "recall": 0.8192771084337349,
        "f1-score": 0.8095238095238095,
        "support": 83.0
    },
    "1": {
        "precision": 0.6938775510204082,
        "recall": 0.6666666666666666,
        "f1-score": 0.68,
        "support": 51.0
    },
    "accuracy": 0.7611940298507462,
    "macro avg": {
        "precision": 0.7469387755102042,
        "recall": 0.7429718875502007,
        "f1-score": 0.7447619047619047,
        "support": 134.0
    },
    "weighted avg": {
        "precision": 0.7596101127017971,
        "recall": 0.7611940298507462,
        "f1-score": 0.7602274342572849,
        "support": 134.0
    }
}